Time,Last,Change,%Chg,Week
03/28/25,66.71,0.71,1.1,13
03/21/25,66,1.24,1.9,12
03/14/25,64.76,-0.57,-0.9,11
03/07/25,65.33,-3.32,-4.8,10
02/28/25,68.65,-2.09,-3.0,9
02/21/25,70.74,-2.4,-3.3,8
02/14/25,73.14,1.21,1.7,7
02/07/25,71.93,-0.63,-0.9,6
01/31/25,72.56,-3.23,-4.3,5
01/24/25,75.79,-2.78,-3.5,4
01/17/25,78.57,4.94,6.7,3
01/10/25,73.63,-1.11,-1.5,2
01/03/25,74.74,4.2,6.0,1
12/27/24,70.54,1.66,2.4,52
12/20/24,68.88,-5.83,-7.8,51
12/13/24,74.71,-0.72,-1.0,50
12/06/24,75.43,-4.92,-6.1,49
11/29/24,80.35,-0.88,-1.1,48
11/22/24,81.23,4.7,6.1,47
11/15/24,76.53,-2.84,-3.6,46
11/08/24,79.37,5.64,7.6,45
11/01/24,73.73,-1.84,-2.4,44
10/25/24,75.57,-0.47,-0.6,43
10/18/24,76.04,-4.8,-5.9,42
10/11/24,80.84,-0.85,-1.0,41
10/04/24,81.69,5.42,7.1,40
09/27/24,76.27,-2.81,-3.6,39
09/20/24,79.08,5.36,7.3,38
09/13/24,73.72,-0.59,-0.8,37
09/06/24,74.31,-7.53,-9.2,36
08/30/24,81.84,-1.05,-1.3,35
08/23/24,82.89,-0.32,-0.4,34
08/16/24,83.21,1.11,1.4,33
08/09/24,82.1,-1.61,-1.9,32
08/02/24,83.71,-7.4,-8.1,31
07/26/24,91.11,1.46,1.6,30
07/19/24,89.65,2.44,2.8,29
07/12/24,87.21,3.13,3.7,28
07/05/24,84.08,-1.31,-1.5,27
06/28/24,85.39,3.26,4.0,26
06/21/24,82.13,2.74,3.5,25
06/14/24,79.39,-1.28,-1.6,24
06/07/24,80.67,-5.7,-6.6,23
05/31/24,86.37,1.74,2.1,22
05/24/24,84.63,-3.45,-3.9,21
05/17/24,88.08,1.44,1.7,20
05/10/24,86.64,1.28,1.5,19
05/03/24,85.36,-3.31,-3.7,18
04/26/24,88.67,0.93,1.1,17
04/19/24,87.74,-3.05,-3.4,16
04/12/24,90.79,-4.28,-4.5,15
04/05/24,95.07,3.93,4.3,14
03/28/24,91.14,1.5,1.7,13
03/22/24,89.64,2.15,2.5,12
03/15/24,87.49,4.09,4.9,11
03/08/24,83.4,1.28,1.6,10
03/01/24,82.12,1.46,1.8,9
02/23/24,80.66,-0.35,-0.4,8
02/16/24,81.01,2.16,2.7,7
02/09/24,78.85,0.85,1.1,6
02/02/24,78,-6.15,-7.3,5
01/26/24,84.15,5.8,7.4,4
01/19/24,78.35,-1.04,-1.3,3
01/12/24,79.39,-3.5,-4.2,2
01/05/24,82.89,-0.99,-1.2,1
12/29/23,83.88,-1.17,-1.4,52
12/22/23,85.05,2.02,2.4,51
12/15/23,83.03,4.02,5.1,50
12/08/23,79.01,-3.72,-4.5,49
12/01/23,82.73,-0.83,-1.0,48
11/24/23,83.56,-0.62,-0.7,47
11/17/23,84.18,-0.26,-0.3,46
11/10/23,84.44,-4.64,-5.2,45
11/03/23,89.08,1.88,2.2,44
10/27/23,87.2,-6.41,-6.8,43
10/20/23,93.61,-1.22,-1.3,42
10/13/23,94.83,5.91,6.6,41
10/06/23,88.92,-5.59,-5.9,40
09/29/23,94.51,1.18,1.3,39
09/22/23,93.33,-3.63,-3.7,38
09/15/23,96.96,0.37,0.4,37
09/08/23,96.59,0.97,1.0,36
09/01/23,95.62,5.78,6.4,35
08/25/23,89.84,-2.23,-2.4,34
08/18/23,92.07,-2.44,-2.6,33
08/11/23,94.51,1.35,1.4,32
08/04/23,93.16,1.57,1.7,31
07/28/23,91.59,2.53,2.8,30
07/21/23,89.06,2.32,2.7,29
07/14/23,86.74,2.95,3.5,28
07/07/23,83.79,4.71,6.0,27
06/30/23,79.08,4.56,6.1,26
06/23/23,74.52,-2.49,-3.2,25
06/16/23,77.01,-0.26,-0.3,24
06/09/23,77.27,1.24,1.6,23
06/02/23,76.03,3.05,4.2,22
05/26/23,72.98,-0.45,-0.6,21
05/19/23,73.43,1.69,2.4,20
05/12/23,71.74,-3.17,-4.2,19
05/05/23,74.91,-3.5,-4.5,18
04/28/23,78.41,-1.12,-1.4,17
04/21/23,79.53,-3.36,-4.1,16
04/14/23,82.89,3.01,3.8,15
04/06/23,79.88,1.03,1.3,14
03/31/23,78.85,6.13,8.4,13
03/24/23,72.72,0.29,0.4,12
03/17/23,72.43,-9.91,-12.0,11
03/10/23,82.34,-9.97,-10.8,10
03/03/23,92.31,5.46,6.3,9
02/24/23,86.85,-0.53,-0.6,8
02/17/23,87.38,-5.6,-6.0,7
02/10/23,92.98,3.66,4.1,6
02/03/23,89.32,-3.71,-4.0,5
01/27/23,93.03,1.97,2.2,4
01/20/23,91.06,-0.54,-0.6,3
01/13/23,91.6,6.46,7.6,2
01/06/23,85.14,1.28,1.5,1
12/30/22,83.86,0.41,0.5,52
12/23/22,83.45,4.99,6.4,51
12/16/22,78.46,3.39,4.5,50
12/09/22,75.07,-9.64,-11.4,49
12/02/22,84.71,1.77,2.1,48
11/25/22,82.94,-2.07,-2.4,47
11/18/22,85.01,-2.42,-2.8,46
11/11/22,87.43,2.52,3.0,45
11/04/22,84.91,4.19,5.2,44
10/28/22,80.72,4.44,5.8,43
10/21/22,76.28,9.56,14.3,42
10/14/22,66.72,-2.52,-3.6,41
10/07/22,69.24,9.31,15.5,40
09/30/22,59.93,2.28,4.0,39
09/23/22,57.65,-8.73,-13.2,38
09/16/22,66.38,-4.38,-6.2,37
09/09/22,70.76,1.78,2.6,36
09/02/22,68.98,-2.95,-4.1,35
08/26/22,71.93,3.24,4.7,34
08/19/22,68.69,-0.78,-1.1,33
08/12/22,69.47,5.43,8.5,32
08/05/22,64.04,-4.11,-6.0,31
07/29/22,68.15,7.62,12.6,30
07/22/22,60.53,1.56,2.6,29
07/15/22,58.97,-5.18,-8.1,28
07/08/22,64.15,-1.92,-2.9,27
07/01/22,66.07,0.84,1.3,26
06/24/22,65.23,-0.74,-1.1,25
06/17/22,65.97,-16.26,-19.8,24
06/10/22,82.23,-2.57,-3.0,23
06/03/22,84.8,1.62,1.9,22
05/27/22,83.18,0,0.0,21